0 0.312988 0.310764 0.190430 0.215278
0 0.186035 0.405382 0.192383 0.321181
0 0.277344 0.789931 0.210938 0.170139
0 0.385254 0.578125 0.215820 0.281250
0 0.495605 0.875868 0.174805 0.244792
0 0.697754 0.870660 0.141602 0.258681
0 0.151367 0.115451 0.123047 0.227431
0 0.053711 0.361111 0.105469 0.340278
0 0.628418 0.503472 0.161133 0.350694
0 0.587402 0.156250 0.194336 0.288194
0 0.494629 0.101562 0.178711 0.199653
0 0.775391 0.164931 0.130859 0.270833
0 0.731445 0.667535 0.150391 0.348958
0 0.927734 0.813368 0.136719 0.317708
0 0.868652 0.414931 0.157227 0.218750
0 0.929688 0.198785 0.140625 0.230903
