2 0.033203 0.488281 0.064453 0.651042
2 0.083008 0.499349 0.044922 0.667969
2 0.119141 0.512370 0.044922 0.691406
2 0.155762 0.495443 0.049805 0.652344
2 0.190918 0.492839 0.055664 0.660156
2 0.237793 0.485677 0.053711 0.632812
2 0.280273 0.495443 0.039062 0.652344
2 0.316406 0.506510 0.042969 0.669271
2 0.353027 0.491536 0.043945 0.639323
2 0.390137 0.491536 0.041992 0.641927
2 0.426758 0.498047 0.041016 0.636719
2 0.461914 0.489583 0.042969 0.622396
2 0.501465 0.498047 0.040039 0.644531
2 0.534180 0.504557 0.035156 0.652344
2 0.565918 0.493490 0.038086 0.632812
2 0.599609 0.502604 0.031250 0.648438
2 0.637695 0.495443 0.044922 0.649740
2 0.677734 0.499349 0.029297 0.644531
2 0.710449 0.491536 0.034180 0.623698
2 0.750488 0.496745 0.032227 0.634115
2 0.785156 0.494141 0.037109 0.639323
2 0.822266 0.494141 0.042969 0.634115
2 0.890625 0.509766 0.031250 0.652344
2 0.930176 0.498047 0.045898 0.621094
2 0.968262 0.501953 0.036133 0.636719
